
# 1022 Tsukuba Cityhall
offset_x: 0.372737227109
offset_y: 0.0674366955288
offset_z: 0.055119905

offset_rx: 0.0298008767568
offset_ry: -0.00493949580932
offset_rz: -0.00803520347284