image: map.pgm
resolution: 0.050000
origin: [-10.891247, -160.762378, 0.000000]
negate: 0
occupied_thresh: 0.65
free_thresh: 0.196

