image: map5.pgm
resolution: 0.050000
origin: [-23.867526, -21.721924, 0.000000]
negate: 0
occupied_thresh: 0.65
free_thresh: 0.196

